 1.0 -2.0 2.0
 0.0 1.0 -1.0
 0.0 0.0 0.5

 1.0 -1.9999999999999998 4.0 -8.0
 0.0 0.9999999999999999 -2.0 4.0
 0.0 0.0 1.0 -2.0
 0.0 -4.136726419872174e-59 0.0 1.0

 0.9999999999999999 -2.0 4.0 -8.0 16.0
 0.0 1.0 -2.0 4.0 -8.0
 0.0 0.0 1.0 -2.0 4.0
 0.0 0.0 0.0 1.0 -2.0
 0.0 0.0 0.0 0.0 1.0

 0.9999999999999999 -2.0 4.0 -8.0 16.0 -32.0
 0.0 1.0 -2.0 4.0 -8.0 16.0
 0.0 -1.1210387714598537e-44 1.0 -2.0 4.0 -8.0
 0.0 5.605193857299268e-45 0.0 1.0 -2.0 4.0
 0.0 -2.802596928649634e-45 0.0 0.0 1.0 -2.0
 0.0 1.401298464324817e-45 0.0 0.0 0.0 1.0

 1.0 -2.0 4.0 -8.0 16.0 -32.0 64.0
 0.0 1.0 -2.0 4.0 -8.0 16.0 -32.0
 0.0 0.0 1.0 -2.0 4.0 -8.0 16.0
 0.0 0.0 0.0 1.0 -2.0 4.0 -8.0
 0.0 0.0 0.0 0.0 1.0 -2.0 4.0
 0.0 0.0 0.0 0.0 0.0 1.0 -2.0
 0.0 0.0 0.0 0.0 0.0 0.0 1.0

 0.9999999999999999 -2.0 3.9999999999999996 -8.0 15.999999999999998 -32.0 64.0 -128.0
 0.0 1.0 -1.9999999999999998 4.0 -7.999999999999999 16.0 -32.0 64.0
 0.0 0.0 0.9999999999999999 -2.0 3.9999999999999996 -8.0 16.0 -32.0
 0.0 0.0 0.0 1.0 -1.9999999999999998 4.0 -8.0 16.0
 0.0 0.0 0.0 0.0 0.9999999999999999 -2.0 4.0 -8.0
 0.0 0.0 0.0 0.0 0.0 1.0 -2.0 4.0
 0.0 0.0 0.0 0.0 0.0 0.0 1.0 -2.0
 0.0 0.0 0.0 0.0 0.0 0.0 0.0 1.0

 0.9999999999999999 -2.0 3.9999999999999996 -8.0 15.999999999999998 -31.999999999999996 64.0 -127.99999999999999 255.99999999999997
 6.223015277861142e-61 1.0 -1.9999999999999998 4.0 -7.999999999999999 15.999999999999998 -32.0 63.99999999999999 -127.99999999999999
 -3.111507638930571e-61 2.4892061111444567e-60 0.9999999999999999 -2.0 3.9999999999999996 -7.999999999999999 16.0 -31.999999999999996 63.99999999999999
 1.5557538194652854e-61 -1.2446030555722283e-60 1.2446030555722283e-60 1.0 -1.9999999999999998 3.9999999999999996 -8.0 15.999999999999998 -31.999999999999996
 -7.778769097326427e-62 6.223015277861142e-61 -6.223015277861142e-61 2.4892061111444567e-60 0.9999999999999999 -1.9999999999999998 4.0 -7.999999999999999 15.999999999999998
 3.8893845486632136e-62 -3.111507638930571e-61 3.111507638930571e-61 -1.2446030555722283e-60 1.2446030555722283e-60 0.9999999999999999 -2.0 3.9999999999999996 -7.999999999999999
 -1.9446922743316068e-62 1.5557538194652854e-61 -1.5557538194652854e-61 6.223015277861142e-61 -6.223015277861142e-61 1.2446030555722283e-60 1.0 -1.9999999999999998 3.9999999999999996
 9.723461371658034e-63 -7.778769097326427e-62 7.778769097326427e-62 -3.111507638930571e-61 3.111507638930571e-61 -6.223015277861142e-61 1.2446030555722283e-60 0.9999999999999999 -1.9999999999999998
 -4.861730685829017e-63 3.8893845486632136e-62 -3.8893845486632136e-62 1.5557538194652854e-61 -1.5557538194652854e-61 3.111507638930571e-61 -6.223015277861142e-61 1.2446030555722283e-60 0.9999999999999999

 0.9999999999999999 -2.0 4.0 -8.0 16.0 -32.0 63.99999999999999 -127.99999999999999 256.0 -511.99999999999994
 6.223015277861142e-61 1.0 -2.0 4.0 -8.0 16.0 -31.999999999999996 63.99999999999999 -128.0 255.99999999999997
 -3.111507638930571e-61 1.2446030555722283e-60 1.0 -2.0 4.0 -8.0 15.999999999999998 -31.999999999999996 64.0 -127.99999999999999
 1.5557538194652854e-61 -6.223015277861142e-61 2.4892061111444567e-60 1.0 -2.0 4.0 -7.999999999999999 15.999999999999998 -32.0 63.99999999999999
 -7.778769097326427e-62 3.111507638930571e-61 -1.2446030555722283e-60 2.4892061111444567e-60 1.0 -2.0 3.9999999999999996 -7.999999999999999 16.0 -31.999999999999996
 3.8893845486632136e-62 -1.5557538194652854e-61 6.223015277861142e-61 -1.2446030555722283e-60 2.4892061111444567e-60 1.0 -1.9999999999999998 3.9999999999999996 -8.0 15.999999999999998
 -1.9446922743316068e-62 7.778769097326427e-62 -3.111507638930571e-61 6.223015277861142e-61 -1.2446030555722283e-60 2.4892061111444567e-60 0.9999999999999999 -1.9999999999999998 4.0 -7.999999999999999
 9.723461371658034e-63 -3.8893845486632136e-62 1.5557538194652854e-61 -3.111507638930571e-61 6.223015277861142e-61 -1.2446030555722283e-60 1.2446030555722283e-60 0.9999999999999999 -2.0 3.9999999999999996
 -4.861730685829017e-63 1.9446922743316068e-62 -7.778769097326427e-62 1.5557538194652854e-61 -3.111507638930571e-61 6.223015277861142e-61 -6.223015277861142e-61 1.2446030555722283e-60 1.0 -1.9999999999999998
 2.4308653429145085e-63 -9.723461371658034e-63 3.8893845486632136e-62 -7.778769097326427e-62 1.5557538194652854e-61 -3.111507638930571e-61 3.111507638930571e-61 -6.223015277861142e-61 1.2446030555722283e-60 0.9999999999999999

 0.9999999999999999 -1.9999999999999998 3.9999999999999996 -7.999999999999999 15.999999999999998 -32.0 63.99999999999999 -127.99999999999999 255.99999999999997 -511.99999999999994 1023.9999999999999
 6.223015277861142e-61 0.9999999999999999 -1.9999999999999998 3.9999999999999996 -7.999999999999999 16.0 -31.999999999999996 63.99999999999999 -127.99999999999999 255.99999999999997 -511.99999999999994
 -3.111507638930571e-61 1.2446030555722283e-60 0.9999999999999999 -1.9999999999999998 3.9999999999999996 -8.0 15.999999999999998 -31.999999999999996 63.99999999999999 -127.99999999999999 255.99999999999997
 1.5557538194652854e-61 -6.223015277861142e-61 1.2446030555722283e-60 0.9999999999999999 -1.9999999999999998 4.0 -7.999999999999999 15.999999999999998 -31.999999999999996 63.99999999999999 -127.99999999999999
 -7.778769097326427e-62 3.111507638930571e-61 -6.223015277861142e-61 1.2446030555722283e-60 0.9999999999999999 -2.0 3.9999999999999996 -7.999999999999999 15.999999999999998 -31.999999999999996 63.99999999999999
 3.8893845486632136e-62 -1.5557538194652854e-61 3.111507638930571e-61 -6.223015277861142e-61 1.2446030555722283e-60 1.0 -1.9999999999999998 3.9999999999999996 -7.999999999999999 15.999999999999998 -31.999999999999996
 -1.9446922743316068e-62 7.778769097326427e-62 -1.5557538194652854e-61 3.111507638930571e-61 -6.223015277861142e-61 2.4892061111444567e-60 0.9999999999999999 -1.9999999999999998 3.9999999999999996 -7.999999999999999 15.999999999999998
 9.723461371658034e-63 -3.8893845486632136e-62 7.778769097326427e-62 -1.5557538194652854e-61 3.111507638930571e-61 -1.2446030555722283e-60 1.2446030555722283e-60 0.9999999999999999 -1.9999999999999998 3.9999999999999996 -7.999999999999999
 -4.861730685829017e-63 1.9446922743316068e-62 -3.8893845486632136e-62 7.778769097326427e-62 -1.5557538194652854e-61 6.223015277861142e-61 -6.223015277861142e-61 1.2446030555722283e-60 0.9999999999999999 -1.9999999999999998 3.9999999999999996
 2.4308653429145085e-63 -9.723461371658034e-63 1.9446922743316068e-62 -3.8893845486632136e-62 7.778769097326427e-62 -3.111507638930571e-61 3.111507638930571e-61 -6.223015277861142e-61 1.2446030555722283e-60 0.9999999999999999 -1.9999999999999998
 -1.2154326714572542e-63 4.861730685829017e-63 -9.723461371658034e-63 1.9446922743316068e-62 -3.8893845486632136e-62 1.5557538194652854e-61 -1.5557538194652854e-61 3.111507638930571e-61 -6.223015277861142e-61 1.2446030555722283e-60 0.9999999999999999

 0.9999999999999999 -1.9999999999999998 3.9999999999999996 -7.999999999999999 16.0 -32.0 63.99999999999999 -128.0 256.0 -511.99999999999994 1024.0 -2047.9999999999998
 6.223015277861142e-61 0.9999999999999999 -1.9999999999999998 3.9999999999999996 -8.0 16.0 -31.999999999999996 64.0 -128.0 255.99999999999997 -512.0 1023.9999999999999
 -3.111507638930571e-61 1.2446030555722283e-60 0.9999999999999999 -1.9999999999999998 4.0 -8.0 15.999999999999998 -32.0 64.0 -127.99999999999999 256.0 -511.99999999999994
 1.5557538194652854e-61 -6.223015277861142e-61 1.2446030555722283e-60 0.9999999999999999 -2.0 4.0 -7.999999999999999 16.0 -32.0 63.99999999999999 -128.0 255.99999999999997
 -7.778769097326427e-62 3.111507638930571e-61 -6.223015277861142e-61 1.2446030555722283e-60 1.0 -2.0 3.9999999999999996 -8.0 16.0 -31.999999999999996 64.0 -127.99999999999999
 3.8893845486632136e-62 -1.5557538194652854e-61 3.111507638930571e-61 -6.223015277861142e-61 2.4892061111444567e-60 1.0 -1.9999999999999998 4.0 -8.0 15.999999999999998 -32.0 63.99999999999999
 -1.9446922743316068e-62 7.778769097326427e-62 -1.5557538194652854e-61 3.111507638930571e-61 -1.2446030555722283e-60 2.4892061111444567e-60 0.9999999999999999 -2.0 4.0 -7.999999999999999 16.0 -31.999999999999996
 9.723461371658034e-63 -3.8893845486632136e-62 7.778769097326427e-62 -1.5557538194652854e-61 6.223015277861142e-61 -1.2446030555722283e-60 1.2446030555722283e-60 1.0 -2.0 3.9999999999999996 -8.0 15.999999999999998
 -4.861730685829017e-63 1.9446922743316068e-62 -3.8893845486632136e-62 7.778769097326427e-62 -3.111507638930571e-61 6.223015277861142e-61 -6.223015277861142e-61 1.2446030555722283e-60 1.0 -1.9999999999999998 4.0 -7.999999999999999
 2.4308653429145085e-63 -9.723461371658034e-63 1.9446922743316068e-62 -3.8893845486632136e-62 1.5557538194652854e-61 -3.111507638930571e-61 3.111507638930571e-61 -6.223015277861142e-61 1.2446030555722283e-60 0.9999999999999999 -2.0 3.9999999999999996
 -1.2154326714572542e-63 4.861730685829017e-63 -9.723461371658034e-63 1.9446922743316068e-62 -7.778769097326427e-62 1.5557538194652854e-61 -1.5557538194652854e-61 3.111507638930571e-61 -6.223015277861142e-61 1.2446030555722283e-60 1.0 -1.9999999999999998
 6.077163357286271e-64 -2.4308653429145085e-63 4.861730685829017e-63 -9.723461371658034e-63 3.8893845486632136e-62 -7.778769097326427e-62 7.778769097326427e-62 -1.5557538194652854e-61 3.111507638930571e-61 -6.223015277861142e-61 1.2446030555722283e-60 0.9999999999999999

